sel.map <- c(1979,1997,2006,2018)[1]

